<?xml version="1.0"?>
<opencv_storage>
<SIFT_descriptors type_id="opencv-matrix">
  <rows>21</rows>
  <cols>128</cols>
  <dt>f</dt>
  <data>
    0. 5.58779128e-02 5.35969846e-02 6.73140818e-03 3.49556003e-03 0. 0.
    0. 5.55252470e-03 8.05095956e-03 1.49174053e-02 2.02326134e-01
    1.50742725e-01 0. 0. 2.11396706e-04 2.79373348e-01 7.37095475e-02
    3.24788243e-02 1.25749007e-01 5.65295406e-02 0. 0. 1.43261030e-02
    8.30953270e-02 7.85131101e-03 2.82464462e-04 1.97192076e-05
    1.15818675e-05 1.44782025e-04 4.46804566e-04 9.15296003e-03 0.
    2.98888683e-01 2.98888683e-01 1.40528325e-02 1.81325269e-03
    4.10981684e-08 3.35811485e-08 0. 6.36277571e-02 7.89300948e-02
    2.69894332e-01 2.98888683e-01 1.36207610e-01 0. 0. 3.99054447e-03
    2.98888683e-01 2.02240981e-02 1.35594057e-02 8.08114186e-02
    4.61527333e-02 0. 0. 7.74967372e-02 8.53743032e-02 3.77101715e-05
    7.09083636e-08 7.99286852e-07 1.43465866e-06 1.35108188e-04
    6.62875129e-04 1.79274417e-02 3.03320903e-05 7.45342821e-02
    9.54468325e-02 1.03523477e-03 0. 3.53551563e-03 2.99348612e-03
    2.75796356e-06 1.93990782e-01 5.02867550e-02 1.64803311e-01
    5.29331639e-02 1.06233731e-03 1.34979549e-04 1.32443631e-04
    5.34171937e-03 2.98888683e-01 2.25143265e-02 8.70203413e-03
    8.77955835e-03 4.01661760e-04 0. 0. 3.27986367e-02 6.71439841e-02
    7.60142982e-04 3.50470254e-05 5.42114435e-07 2.46263227e-07
    6.09059543e-06 1.06851439e-05 4.79085464e-03 3.84744380e-05
    1.75045803e-04 2.05191856e-04 0. 0. 1.37367561e-01 1.16305739e-01
    1.22189604e-05 1.59436241e-01 1.19095119e-02 2.94582278e-04 0. 0.
    4.03793566e-02 4.20361012e-02 8.32824223e-03 2.98888683e-01
    4.91394028e-02 1.18755463e-06 0. 0. 4.71365289e-04 2.45277444e-03
    1.27410199e-02 5.71423694e-02 4.17684251e-03 4.79523558e-04
    7.42385191e-06 5.99579835e-08 0. 0. 7.85290671e-04 0. 7.99774453e-02
    6.77452087e-02 3.03751463e-03 2.20854394e-03 7.98747424e-05 0. 0.
    2.67430581e-03 8.61827005e-03 2.83015985e-02 1.61453217e-01
    1.43881217e-01 7.63866847e-05 0. 2.68480770e-04 2.22382993e-01
    8.87485817e-02 5.61047941e-02 1.15756527e-01 7.21249282e-02 0. 0.
    1.68568958e-02 8.93305987e-02 1.86800342e-02 7.58131500e-04 0. 0. 0.
    0. 8.41527525e-03 8.05411673e-06 3.02082509e-01 3.02082509e-01
    6.85148267e-03 2.68676609e-04 0. 0. 0. 4.97947633e-02 7.61326477e-02
    3.02082509e-01 3.02082509e-01 7.91509524e-02 0. 0. 2.02256674e-03
    3.02082509e-01 2.97271106e-02 2.55395807e-02 9.39442664e-02
    4.28843126e-02 0. 0. 7.92814270e-02 1.03709936e-01 1.59006403e-03
    1.19120850e-04 0. 0. 0. 0. 2.45614015e-02 6.78176351e-04
    7.25154802e-02 1.11563481e-01 1.20720197e-03 1.40874879e-04
    4.00181510e-04 7.49612227e-04 2.34645369e-04 2.11532936e-01
    4.04454358e-02 1.85528487e-01 3.83797623e-02 1.83764078e-05
    2.30084497e-05 7.03346177e-06 7.55396252e-03 3.02082509e-01
    1.61089115e-02 1.19551895e-02 6.31893147e-03 0. 0. 6.62974813e-08
    4.85114716e-02 7.47142509e-02 1.46185793e-03 5.42276597e-04
    9.48470042e-05 1.33163121e-04 8.51223667e-05 6.71618327e-05
    8.38865619e-03 1.64798158e-03 3.13637778e-04 4.08699358e-04
    1.07596454e-04 2.11342616e-04 5.91396615e-02 8.34122226e-02
    8.84702057e-03 2.16576055e-01 3.76345287e-03 5.31316618e-04
    2.78530551e-05 3.46056404e-05 2.44706143e-02 2.20084302e-02
    1.03971325e-02 3.02082509e-01 1.06890779e-02 2.31020385e-06 0. 0.
    8.30983627e-05 5.13641280e-04 1.44150686e-02 5.38634136e-02
    9.50498390e-04 3.58716818e-04 7.00478049e-05 2.03684976e-04
    1.31037392e-04 1.64630648e-04 2.17407965e-03 3.46929464e-03
    7.51873711e-03 1.06921621e-01 1.88556492e-01 3.78202498e-02
    9.73490387e-05 4.39817086e-06 1.79754256e-03 2.22747862e-01
    1.82529047e-01 8.82460847e-02 1.24563305e-02 1.77841466e-05
    1.43419641e-06 1.19948845e-06 5.70124909e-02 2.15784922e-01
    8.99423659e-02 1.50117429e-03 0. 0. 0. 0. 3.48601528e-02
    3.31621547e-03 1.42047543e-03 4.38260213e-05 1.88896083e-05 0. 0. 0.
    1.23781472e-04 3.02179568e-02 1.68186787e-03 7.78451446e-04
    1.93080623e-02 9.75738764e-02 5.92250153e-02 7.07194209e-04
    1.01821674e-02 2.35953465e-01 5.07970043e-02 9.04307992e-04
    2.56075116e-04 9.11659081e-05 6.23608241e-04 3.09281226e-04
    1.99758872e-01 2.00289279e-01 4.27706800e-02 6.64141262e-03
    7.10399775e-07 0. 0. 0. 1.02495298e-01 2.15372676e-03 3.68984602e-03
    4.38426994e-03 2.99876905e-04 0. 0. 0. 4.19060409e-04 1.94965135e-02
    5.23062702e-03 0. 0. 4.83103096e-02 2.35953465e-01 7.89336637e-02
    1.79594441e-03 2.02411100e-01 2.35953465e-01 2.18374673e-02 0.
    5.80314227e-05 7.03884289e-02 9.23394933e-02 1.62725300e-02
    4.45334725e-02 2.35953465e-01 2.07982376e-01 1.27269004e-05
    3.20570143e-05 3.75719718e-03 1.62986219e-02 4.81686881e-03
    7.45773141e-05 8.10519606e-02 2.28820011e-01 7.81058741e-04
    7.41321346e-05 7.09995293e-05 3.49517330e-04 7.45988336e-06
    1.07758926e-04 5.39653774e-05 2.89292802e-05 4.54293593e-04
    1.69669290e-03 2.14536816e-01 1.16061121e-01 1.12368070e-04
    3.97392316e-03 2.77116932e-02 7.78687606e-03 9.08293761e-03
    1.76603824e-03 2.09191918e-01 2.35953465e-01 2.54469528e-03
    1.12565886e-03 9.45037752e-02 9.41446871e-02 3.22632156e-02
    1.34332450e-02 1.22415654e-01 2.21300587e-01 1.83819304e-03 0.
    5.04191704e-02 2.22930253e-01 4.16353755e-02 4.32386771e-02
    3.95999439e-02 2.15643290e-02 1.45503645e-05 6.61198214e-07
    1.22505371e-04 1.64828762e-01 8.59486237e-02 0. 0. 6.16351326e-06
    3.59891033e-06 1.34615565e-03 1.42184051e-03 2.41761476e-01
    1.45935312e-01 0. 0. 3.76751507e-03 5.70913032e-03 2.77819723e-04
    3.25557667e-05 2.41761476e-01 1.63410857e-01 0. 0. 4.86054160e-02
    2.83034965e-02 0. 0. 2.02994660e-01 1.09438717e-01 0. 0.
    1.03423432e-01 5.50495200e-02 2.15570200e-02 8.80868454e-03
    2.41761476e-01 1.74241751e-01 0. 0. 0. 1.31055934e-03 2.10233942e-01
    2.71946564e-02 2.21310660e-01 8.07595924e-02 0. 0. 4.19446193e-02
    1.91783354e-01 3.54885645e-02 1.81265350e-03 5.55818528e-02
    2.75065005e-02 0. 0. 2.41761476e-01 2.41761476e-01 6.74567491e-05
    9.44382293e-07 7.30988709e-03 3.96144995e-03 0. 3.26179617e-08
    2.41761476e-01 1.37096077e-01 4.41094786e-02 1.53546846e-02
    2.29655262e-02 1.04439631e-02 7.39058305e-05 3.03097022e-05 0.
    5.38235763e-04 2.41761476e-01 1.69095725e-01 1.80785288e-03
    2.84148176e-04 0. 0. 3.26851080e-03 4.88331318e-02 1.93715110e-01
    7.05529228e-02 0. 0. 0. 0. 2.87751425e-02 5.27094416e-02
    1.51315238e-03 2.67679483e-04 0. 0. 0. 3.26003011e-08 1.38397375e-02
    9.32719372e-03 1.00611467e-02 5.35785034e-03 9.87021167e-07
    3.70218345e-06 4.59215225e-04 1.35633352e-04 0. 0. 2.41761476e-01
    1.66244566e-01 0. 6.46584106e-11 4.43581734e-11 0. 0. 0.
    2.41761476e-01 1.39311612e-01 0. 0. 0. 0. 5.60943681e-06
    3.69635411e-04 6.37815055e-03 2.77404813e-03 0. 0. 0. 0.
    3.05879075e-04 1.03812909e-03 5.50371688e-03 0. 0. 2.84868442e-02
    3.01060975e-02 1.10304291e-05 5.27901148e-06 5.24439896e-03
    2.28835329e-01 0. 0. 5.77754581e-05 6.24776512e-05 3.42119644e-09
    2.90556557e-07 2.11744338e-01 2.42665514e-01 1.22268275e-05
    4.83096619e-06 0. 0. 0. 0. 2.42665514e-01 1.42296702e-02
    4.42441524e-05 3.77768156e-05 0. 0. 0. 0. 1.31553477e-02
    3.86775471e-02 3.73668736e-04 0. 4.30873269e-03 4.97910986e-03
    3.50814424e-02 4.15020436e-02 1.83422491e-02 2.42665514e-01
    3.49855162e-02 2.68658041e-05 1.80938500e-07 2.38347198e-07
    1.27774617e-03 3.78573057e-03 2.42665514e-01 2.30251446e-01
    3.13964151e-02 1.63136690e-03 1.30319058e-05 0. 0. 0. 1.32868499e-01
    2.20610877e-03 2.19101179e-03 2.05659540e-03 2.88199135e-05 0. 0. 0.
    1.34799653e-03 1.91846024e-02 8.22962844e-04 0. 1.54086166e-07
    1.37775851e-05 2.42665514e-01 2.42665514e-01 8.52069817e-03
    2.42665514e-01 2.07918778e-01 3.48947733e-03 0. 0. 1.15103059e-01
    2.07174584e-01 4.01669927e-02 8.52128789e-02 2.42665514e-01
