<?xml version="1.0"?>
<opencv_storage>
<SIFT_keypoints>
  45. 9.5500000000000000e+01 1.2925838470458984e+01
  2.3527585983276367e+01 0. -1 0 2.0346511840820312e+02
  1.6865238952636719e+02 1.1293490409851074e+01 3.5609332275390625e+02
  0. -1 0 5.1000003814697266e+01 1.7850000000000000e+02
  1.2925830841064453e+01 1.5647242736816406e+02 0. -1 0
  6.6165489196777344e+01 2.0364453125000000e+02 1.3632204055786133e+01
  1.3949682617187500e+02 0. -1 0 1.5288192749023438e+02
  2.2118169784545898e+01 1.5914690017700195e+01 6.6777473449707031e+01
  0. -1 0 1.4806758117675781e+02 2.4939857482910156e+01
  1.5900987625122070e+01 5.6991203308105469e+01 0. -1 0
  1.4411602783203125e+02 2.8146095275878906e+01 1.6138238906860352e+01
  4.5181476593017578e+01 0. -1 0 1.2919430541992188e+02
  4.8632747650146484e+01 1.5220781326293945e+01 2.5895906448364258e+01
  0. -1 0 1.5587178039550781e+02 4.8871780395507812e+01
  1.5994890213012695e+01 45. 0. -1 0 1.2799823760986328e+02
  5.1997905731201172e+01 1.3775159835815430e+01 1.8309129714965820e+01
  0. -1 0 1.2707719421386719e+02 6.3804290771484375e+01
  1.5593366622924805e+01 2.8198767089843750e+02 0. -1 0
  1.3184799194335938e+02 6.3979663848876953e+01 1.5277681350708008e+01
  2.6263833618164062e+02 0. -1 0 7.5997100830078125e+01
  6.6998466491699219e+01 1.3763811111450195e+01 7.1963615417480469e+01
  0. -1 0 1.0558943176269531e+02 6.7011123657226562e+01
  1.5133249282836914e+01 1.1324914550781250e+02 0. -1 0
  7.2433639526367188e+01 6.8283683776855469e+01 1.6172506332397461e+01
  6.8447059631347656e+01 0. -1 0 1.0955730438232422e+02
  6.8278251647949219e+01 1.6006561279296875e+01 1.1115556335449219e+02
  0. -1 0 5.3188327789306641e+01 8.2053863525390625e+01
  1.6072519302368164e+01 4.3881156921386719e+01 0. -1 0
  5.0985713958740234e+01 8.5018478393554688e+01 1.5691267013549805e+01
  3.5387447357177734e+01 0. -1 0 4.9001934051513672e+01
  8.7995826721191406e+01 1.5726130485534668e+01 3.4779922485351562e+01
  0. -1 0 1.9878796386718750e+02 8.7787078857421875e+01
  1.5881305694580078e+01 2.2826876831054688e+02 0. -1 0
  4.6302661895751953e+01 9.2391952514648438e+01 1.6501043319702148e+01
  2.4255250930786133e+01 0. -1 0 4.6302661895751953e+01
  9.2391952514648438e+01 1.6501043319702148e+01 2.4255250930786133e+01
  0. -1 0 4.6302661895751953e+01 9.2391952514648438e+01
  1.6501043319702148e+01 2.4255250930786133e+01 0. -1 0
  4.3757965087890625e+01 9.8446800231933594e+01 1.6087024688720703e+01
  2.5292591094970703e+01 0. -1 0 4.3757965087890625e+01
  9.8446800231933594e+01 1.6087024688720703e+01 2.5292591094970703e+01
  0. -1 0 1.8299836730957031e+02 1.0599688720703125e+02
  1.3756751060485840e+01 1.8505949020385742e+01 0. -1 0
  1.8189701843261719e+02 1.0983679962158203e+02 1.6142765045166016e+01
  1.7254276275634766e+01 0. -1 0 1.7999841308593750e+02
  1.3549932861328125e+02 1.4930118560791016e+01 1.6517631530761719e+02
  0. -1 0 3.9982158660888672e+01 1.4685821533203125e+02
  1.4422513961791992e+01 1.7385334777832031e+02 0. -1 0
  4.1000072479248047e+01 1.5050144958496094e+02 1.4949437141418457e+01
  1.6634155273437500e+02 0. -1 0 42. 1.5449998474121094e+02
  1.4965606689453125e+01 1.6599017333984375e+02 0. -1 0
  4.2998332977294922e+01 1.5849794006347656e+02 1.4940883636474609e+01
  1.6484649658203125e+02 0. -1 0 4.9732913970947266e+01
  1.7549591064453125e+02 1.6296640396118164e+01 1.5795483398437500e+02
  0. -1 0 4.9732913970947266e+01 1.7549591064453125e+02
  1.6296640396118164e+01 1.5795483398437500e+02 0. -1 0
  5.2253608703613281e+01 1.8147640991210938e+02 1.6185487747192383e+01
  1.5439270019531250e+02 0. -1 0 5.2253608703613281e+01
  1.8147640991210938e+02 1.6185487747192383e+01 1.5439270019531250e+02
  0. -1 0 5.9002052307128906e+01 1.9300437927246094e+02
  1.5724699020385742e+01 1.4567103576660156e+02 0. -1 0
  1.9450425720214844e+02 1.9353129577636719e+02 1.6885328292846680e+01
  3.3434364318847656e+01 0. -1 0 6.1000183105468750e+01
  1.9600036621093750e+02 1.5748334884643555e+01 1.4505287170410156e+02
  0. -1 0 1.9197308349609375e+02 1.9704510498046875e+02
  1.5611392021179199e+01 3.4728736877441406e+01 0. -1 0
  1.8992587280273438e+02 2.0016920471191406e+02 1.5896060943603516e+01
  3.6007400512695312e+01 0. -1 0 1.3513742065429688e+02
  2.1388948059082031e+02 1.6136737823486328e+01 1.0678089141845703e+02
  0. -1 0 1.3937918090820312e+02 2.1519708251953125e+02
  1.5142080307006836e+01 1.1598426055908203e+02 0. -1 0
  1.0811289215087891e+02 2.1802500915527344e+02 1.5699319839477539e+01
  7.2445983886718750e+01 0. -1 0 1.1105821990966797e+02
  2.1794441223144531e+02 1.5804847717285156e+01 2.4818188476562500e+02
  0. -1 0 1.4378909301757812e+02 2.1787597656250000e+02
  1.5732164382934570e+01 1.1873360443115234e+02 0. -1 0
  1.0476457977294922e+02 2.2000431823730469e+02 1.5926408767700195e+01
  2.5620864868164062e+02 0. -1 0 1.4706347656250000e+02
  2.1993475341796875e+02 1.5997060775756836e+01 2.9174935913085938e+02
  0. -1 0 1.6444866943359375e+02 1.8417440414428711e+01
  1.9384542465209961e+01 8.6579483032226562e+01 0. -1 0
  1.5879199218750000e+02 2.0488790512084961e+01 1.8409444808959961e+01
  6.5341026306152344e+01 0. -1 0 1.4486041259765625e+02
  5.8113948822021484e+01 1.7753799438476562e+01 5.1351573944091797e+01
  0. -1 0 1.4059954833984375e+02 6.5151916503906250e+01
  1.9840345382690430e+01 7.1427848815917969e+01 0. -1 0
  1.0188735198974609e+02 6.5451797485351562e+01 1.8957647323608398e+01
  1.0482456207275391e+02 0. -1 0 1.3570275878906250e+02
  6.7129699707031250e+01 2.1193309783935547e+01 6.6557304382324219e+01
  0. -1 0 1.9100039672851562e+02 7.4500579833984375e+01
  1.7208181381225586e+01 1.2855300903320312e+02 0. -1 0
  2.0143721008300781e+02 8.3895355224609375e+01 1.9381576538085938e+01
  1.4843739318847656e+02 0. -1 0 1.9596340942382812e+02
  8.9527809143066406e+01 1.8073839187622070e+01 5.2709739685058594e+01
  0. -1 0 3.9616146087646484e+01 1.4304838562011719e+02
  1.9142036437988281e+01 1.7267439270019531e+02 0. -1 0
  2.0647540283203125e+02 1.6832829284667969e+02 1.8387035369873047e+01
  1.3909805297851562e+02 0. -1 0 1.8540289306640625e+02
  2.0644387817382812e+02 1.8702821731567383e+01 4.1051490783691406e+01
  0. -1 0 1.3197326660156250e+02 6.8401664733886719e+01
  2.3521232604980469e+01 7.4700286865234375e+01 0. 0 0
  1.3552859497070312e+02 6.6544105529785156e+01 9.2481613159179688e+01
  2.5999685668945312e+02 0. 2 0</SIFT_keypoints>
 <!-- resumed -->

