<?xml version="1.0"?>
<opencv_storage>
<SIFT_keypoints>
  1.0086273956298828e+02 1.0606552124023438e+02 1.3262254714965820e+01
  2.4562010192871094e+02 0. -1 0 1.6929579162597656e+02
  1.0598061370849609e+02 1.2405740737915039e+01 2.4389433288574219e+02
  0. -1 0 1.8509072875976562e+02 1.0751725006103516e+02
  1.2401702880859375e+01 1.1510449218750000e+02 0. -1 0
  3.4378273010253906e+01 6.6927192687988281e+01 1.5458581924438477e+01
  1.5754409790039062e+01 0. -1 0 1.8102293014526367e+01
  6.8178649902343750e+01 1.9533290863037109e+01 1.5825932312011719e+02
  0. -1 0 1.8881719970703125e+02 1.0499923706054688e+02
  3.1923408508300781e+01 9.8200798034667969e+01 0. 0 0
  1.4464300537109375e+02 1.0929348754882812e+02 2.5386646270751953e+01
  1.5007267761230469e+02 0. 0 0 1.0488603973388672e+02
  8.3167221069335938e+01 3.7978618621826172e+01 6.6150268554687500e+01
  0. 0 0 1.0520552825927734e+02 1.0773884582519531e+02
  4.2193031311035156e+01 3.5199459838867188e+02 0. 0 0
  1.8329087829589844e+02 1.1313164520263672e+02 3.9628562927246094e+01
  1.4394621849060059e+01 0. 0 0 1.0542362976074219e+02
  1.3057341003417969e+02 4.1962585449218750e+01 1.8104122924804688e+02
  0. 0 0 1.7381381225585938e+02 1.3071556091308594e+02
  4.1488464355468750e+01 1.8165679931640625e+02 0. 0 0
  1.7405802917480469e+02 1.0912117004394531e+02 4.8219314575195312e+01
  1.8073361206054688e+02 0. 1 0 1.6392860412597656e+02
  1.1684726715087891e+02 5.0647624969482422e+01 1.7732649230957031e+02
  0. 1 0 1.0535227203369141e+02 1.3006675720214844e+02
  4.2798851013183594e+01 1.8122216796875000e+02 0. 1 0
  2.6350986480712891e+01 7.0150779724121094e+01 6.4742439270019531e+01
  1.4666060209274292e+00 0. 1 0 9.2924537658691406e+01
  1.1645251464843750e+02 6.4919982910156250e+01 2.4632116317749023e+01
  0. 1 0 2.6336576461791992e+01 1.2787545013427734e+02
  6.4723403930664062e+01 1.8231652832031250e+02 0. 1 0
  9.5660682678222656e+01 9.5842636108398438e+01 6.8490066528320312e+01
  3.5131524658203125e+02 0. 1 0 1.3893319702148438e+02
  1.1858993530273438e+02 7.0965812683105469e+01 1.7611849975585938e+02
  0. 1 0 5.3121440887451172e+01 9.9752738952636719e+01
  1.4233880615234375e+02 1.8150291442871094e+02 0. 2 0</SIFT_keypoints>
</opencv_storage>
