<?xml version="1.0"?>
<opencv_storage>
<SIFT_keypoints>
  8.7633422851562500e+01 4.7970413208007812e+01 1.0513720512390137e+01
  2.1706108093261719e+02 0. -1 0 1.5080148315429688e+02
  5.8504512786865234e+01 1.1572753906250000e+01 5.7680961608886719e+01
  0. -1 0 4.5250625610351562e+02 6.2627063751220703e+01
  1.0903035163879395e+01 3.4423721313476562e+02 0. -1 0
  3.6351141357421875e+02 9.0541488647460938e+01 1.3153522491455078e+01
  5.4758129119873047e+01 0. -1 0 3.3557406616210938e+02
  1.0605924224853516e+02 1.0758257865905762e+01 2.1485565185546875e+02
  0. -1 0 3.1212429809570312e+02 1.0647789001464844e+02
  1.2610776901245117e+01 2.7469373703002930e+01 0. -1 0
  6.5658927917480469e+01 1.0785360717773438e+02 1.1058368682861328e+01
  5.4661148071289062e+01 0. -1 0 1.6179676818847656e+02
  1.0801673126220703e+02 1.1973588943481445e+01 2.2672720336914062e+02
  0. -1 0 3.4506069946289062e+02 1.0803643035888672e+02
  1.3624216079711914e+01 3.7452602386474609e+01 0. -1 0
  1.4242779541015625e+02 1.0845915985107422e+02 1.1613289833068848e+01
  2.1742135620117188e+02 0. -1 0 2.2737034606933594e+02
  1.1232237243652344e+02 1.1617067337036133e+01 6.4549308776855469e+01
  0. -1 0 4.0488339233398438e+02 1.1238162994384766e+02
  1.3553529739379883e+01 2.3516789245605469e+02 0. -1 0
  4.7869110107421875e+01 1.1315270996093750e+02 1.2339965820312500e+01
  3.9001621246337891e+01 0. -1 0 3.3156448364257812e+02
  1.1322481536865234e+02 1.0963977813720703e+01 2.0113064575195312e+02
  0. -1 0 1.5569178771972656e+02 1.1455821228027344e+02
  1.0505250930786133e+01 2.2460685729980469e+02 0. -1 0
  3.4143646240234375e+01 1.1892778015136719e+02 1.1603645324707031e+01
  2.2140641784667969e+02 0. -1 0 2.9723852157592773e+01
  1.2086762237548828e+02 1.0450716018676758e+01 2.2031774902343750e+02
  0. -1 0 2.9949819946289062e+02 1.2387733459472656e+02
  1.1986045837402344e+01 7.7800079345703125e+01 0. -1 0
  2.8008645629882812e+02 1.2705342864990234e+02 1.3979793548583984e+01
  7.4417930603027344e+01 0. -1 0 3.9326950073242188e+02
  1.2701886749267578e+02 9.9162006378173828e+00 5.4629802703857422e+01
  0. -1 0 1.7974754333496094e+02 1.2766181182861328e+02
  9.9277648925781250e+00 2.4195734024047852e+01 0. -1 0
  4.2779913330078125e+02 1.2753435516357422e+02 1.0649351119995117e+01
  4.5675529479980469e+01 0. -1 0 1.7159458923339844e+02
  1.2808581542968750e+02 1.3450933456420898e+01 2.1945655822753906e+02
  0. -1 0 1.2595850372314453e+02 1.2842735290527344e+02
  1.3159538269042969e+01 2.3012794494628906e+02 0. -1 0
  3.3046112060546875e+02 1.2937779235839844e+02 1.2207780838012695e+01
  1.6629171752929688e+02 0. -1 0 1.6545761108398438e+02
  1.3051248168945312e+02 1.2289690017700195e+01 2.3005932617187500e+02
  0. -1 0 1.3989721679687500e+02 1.3177470397949219e+02
  1.0142561912536621e+01 1.8489084243774414e+01 0. -1 0
  1.7282620239257812e+02 1.3516491699218750e+02 1.2663662910461426e+01
  4.9319625854492188e+01 0. -1 0 2.8807852172851562e+02
  1.3826292419433594e+02 1.0223096847534180e+01 3.5649482727050781e+01
  0. -1 0 7.0863861083984375e+01 1.3922416687011719e+02
  1.1467406272888184e+01 1.1627706146240234e+02 0. -1 0
  1.3743391036987305e+01 1.3995683288574219e+02 9.9779195785522461e+00
  2.2170600891113281e+02 0. -1 0 3.4546759033203125e+02
  9.3996841430664062e+01 1.4224562644958496e+01 2.2493927001953125e+02
  0. -1 0 3.0438955688476562e+02 1.1804398345947266e+02
  1.4140128135681152e+01 2.7003555297851562e+01 0. -1 0
  2.1864469909667969e+02 1.1872010803222656e+02 1.5294548034667969e+01
  1.5554719543457031e+02 0. -1 0 3.0764596557617188e+02
  1.2074334716796875e+02 1.6703048706054688e+01 5.3254463195800781e+01
  0. -1 0 2.1323345947265625e+02 1.3347113037109375e+02
  1.5042792320251465e+01 4.0544498443603516e+01 0. -1 0
  1.3126936340332031e+02 1.3506608581542969e+02 1.2514030456542969e+01
  5.6531032562255859e+01 0. -1 0 1.7276635742187500e+02
  1.3537417602539062e+02 1.3467456817626953e+01 4.8717281341552734e+01
  0. -1 0 4.4788143920898438e+02 6.9596832275390625e+01
  1.9501802444458008e+01 4.7222850799560547e+01 0. -1 0
  2.0286907958984375e+02 1.1123721313476562e+02 2.1459009170532227e+01
  9.2187728881835938e+00 0. -1 0 4.9736495971679688e+02
  1.1108460998535156e+02 1.8763900756835938e+01 6.4266761779785156e+01
  0. -1 0 2.2850225830078125e+02 1.1246785736083984e+02
  1.6929063796997070e+01 6.9316177368164062e+01 0. -1 0
  2.8818554687500000e+02 1.1718372344970703e+02 2.3726814270019531e+01
  5.9726996421813965e+00 0. -1 0 3.0744564819335938e+02
  1.2078748321533203e+02 1.7102180480957031e+01 5.4904392242431641e+01
  0. -1 0 4.6960687255859375e+02 1.2285145568847656e+02
  1.7610210418701172e+01 4.2456832885742188e+01 0. -1 0
  4.7202053833007812e+02 1.2654876708984375e+02 1.9390796661376953e+01
  6.1312061309814453e+01 0. -1 0 9.9693870544433594e+01
  1.4069284057617188e+02 1.8786392211914062e+01 8.1401283264160156e+01
  0. -1 0 4.4328494262695312e+02 6.5532745361328125e+01
  2.4546951293945312e+01 1.4381036376953125e+02 0. 0 0
  3.0996676635742188e+02 1.0252992248535156e+02 2.5780809402465820e+01
  2.0943122863769531e+01 0. 0 0 2.3160574340820312e+02
  1.0711209106445312e+02 2.6995943069458008e+01 6.0050155639648438e+01
  0. 0 0 1.6589161682128906e+02 1.0942516326904297e+02
  2.3575614929199219e+01 3.5593841552734375e+01 0. 0 0
  2.0269421386718750e+02 1.1146871948242188e+02 2.2041988372802734e+01
  8.3175220489501953e+00 0. 0 0 2.5768481445312500e+02
  1.1725810241699219e+02 2.6713733673095703e+01 3.3580879211425781e+01
  0. 0 0 1.1188910675048828e+02 1.2291835021972656e+02
  2.4238121032714844e+01 4.0084209442138672e+01 0. 0 0
  2.9744268798828125e+02 1.2824263000488281e+02 2.5797649383544922e+01
  5.6837005615234375e+01 0. 0 0 1.8321197509765625e+02
  1.2866152954101562e+02 2.6945268630981445e+01 1.9036064147949219e+01
  0. 0 0 9.8336105346679688e+01 1.3117265319824219e+02
  2.5124263763427734e+01 5.7570926666259766e+01 0. 0 0
  4.2540341186523438e+02 1.3271368408203125e+02 2.3939308166503906e+01
  2.7650527954101562e+01 0. 0 0 4.6133541870117188e+02
  1.3318734741210938e+02 2.4381767272949219e+01 6.9911415100097656e+01
  0. 0 0 7.3968704223632812e+01 1.3691218566894531e+02
  2.5378437042236328e+01 1.0942691802978516e+02 0. 0 0
  2.8412075805664062e+02 1.3715075683593750e+02 2.6787178039550781e+01
  4.6812625885009766e+01 0. 0 0 4.6767968750000000e+02
  1.3728977966308594e+02 2.3742755889892578e+01 5.6692760467529297e+01
  0. 0 0 2.1532211303710938e+02 1.3796968078613281e+02
  2.4692075729370117e+01 7.8037590026855469e+01 0. 0 0
  3.6743395996093750e+02 1.3844880676269531e+02 2.4700910568237305e+01
  6.3768333435058594e+01 0. 0 0 9.2806518554687500e+01
  4.8552539825439453e+01 3.1926784515380859e+01 2.7718038558959961e+01
  0. 0 0 1.5318664550781250e+02 5.4395488739013672e+01
  3.4307174682617188e+01 4.5723457336425781e+01 0. 0 0
  3.0971252441406250e+02 1.0282669067382812e+02 2.6485343933105469e+01
  2.2223680496215820e+01 0. 0 0 1.2338062286376953e+02
  1.0698557281494141e+02 3.0948398590087891e+01 5.8008018493652344e+01
  0. 0 0 2.4845033264160156e+02 1.0787300872802734e+02
  3.0252634048461914e+01 8.6768615722656250e+01 0. 0 0
  1.4586199951171875e+02 1.1152566528320312e+02 3.2630119323730469e+01
  1.5215841293334961e+01 0. 0 0 2.7666085815429688e+02
  1.1212427520751953e+02 3.0076898574829102e+01 1.1917766571044922e+02
  0. 0 0 4.4169714355468750e+02 1.1344266510009766e+02
  2.7370609283447266e+01 4.5890254974365234e+01 0. 0 0
  1.8296052551269531e+02 1.1513478851318359e+02 2.9738496780395508e+01
  8.7823762893676758e+00 0. 0 0 4.0055105590820312e+02
  1.2551085662841797e+02 3.1822055816650391e+01 6.6248176574707031e+01
  0. 0 0 2.8161895751953125e+02 1.2929449462890625e+02
  3.2240844726562500e+01 6.8489273071289062e+01 0. 0 0
  3.9150878906250000e+02 1.3162040710449219e+02 3.1153507232666016e+01
  4.3480228424072266e+01 0. 0 0 4.2615057373046875e+02
  1.3231390380859375e+02 2.7512954711914062e+01 2.9648200988769531e+01
