<?xml version="1.0"?>
<opencv_storage>
<SIFT_keypoints>
  4.4691500854492188e+02 1.7122433471679688e+02 1.1532016754150391e+01
  2.8566406250000000e+02 0. -1 0 4.4228048706054688e+02
  1.7153706359863281e+02 1.2497614860534668e+01 1.8887712097167969e+02
  0. -1 0 3.8047811889648438e+02 1.7208384704589844e+02
  1.1616557121276855e+01 2.6155987548828125e+02 0. -1 0
  4.1483966064453125e+02 1.7192556762695312e+02 1.1602627754211426e+01
  1.1939775848388672e+02 0. -1 0 1.4249789428710938e+02
  1.7307270812988281e+02 1.3633424758911133e+01 2.7722042846679688e+02
  0. -1 0 2.2825912475585938e+02 1.7298912048339844e+02
  1.3367807388305664e+01 2.7771810913085938e+02 0. -1 0
  4.4846533203125000e+02 1.7282528686523438e+02 1.2392311096191406e+01
  3.5878845214843750e+02 0. -1 0 4.4489968872070312e+02
  1.7354576110839844e+02 1.1745766639709473e+01 1.0070889282226562e+02
  0. -1 0 2.5714901733398438e+02 1.7494995117187500e+02
  1.2062025070190430e+01 8.2640281677246094e+01 0. -1 0
  2.4237091064453125e+02 1.7538403320312500e+02 1.0730248451232910e+01
  2.9016516113281250e+02 0. -1 0 1.1509362792968750e+02
  1.7712548828125000e+02 1.2388444900512695e+01 2.3937588500976562e+02
  0. -1 0 4.4466009521484375e+02 1.7849832153320312e+02
  1.1306452751159668e+01 2.3757184982299805e+01 0. -1 0
  4.4198110961914062e+02 1.7983903503417969e+02 1.1534275054931641e+01
  2.2962070465087891e+01 0. -1 0 2.5144287109375000e+02
  1.8197663879394531e+02 1.2142656326293945e+01 3.1951162719726562e+02
  0. -1 0 1.6699362182617188e+02 1.8235673522949219e+02
  1.1670597076416016e+01 1.5829570007324219e+02 0. -1 0
  2.5515078735351562e+02 1.8288056945800781e+02 1.3150150299072266e+01
  2.5144592285156250e+02 0. -1 0 1.2696646881103516e+02
  1.8605989074707031e+02 1.2864763259887695e+01 7.9519470214843750e+01
  0. -1 0 3.7675338745117188e+02 1.8602511596679688e+02
  1.2525928497314453e+01 8.0529930114746094e+01 0. -1 0
  3.9390820312500000e+02 1.8605751037597656e+02 1.2814039230346680e+01
  9.9973190307617188e+01 0. -1 0 4.0753930664062500e+02
  1.8901293945312500e+02 1.2128883361816406e+01 1.2436145019531250e+02
  0. -1 0 1.9321284484863281e+02 1.9198941040039062e+02
  1.3083648681640625e+01 5.5994506835937500e+01 0. -1 0
  4.0796697998046875e+02 1.9201109313964844e+02 1.1318649291992188e+01
  1.2798854827880859e+02 0. -1 0 3.3093270874023438e+02
  1.9237895202636719e+02 1.1356937408447266e+01 3.2415634155273438e+02
  0. -1 0 4.1370886230468750e+02 1.9413174438476562e+02
  1.3731824874877930e+01 1.3499726867675781e+02 0. -1 0
  1.5143406677246094e+02 1.9627079772949219e+02 1.2345724105834961e+01
  1.9330526733398438e+02 0. -1 0 1.8528718566894531e+02
  1.9946775817871094e+02 9.9537849426269531e+00 3.8021488189697266e+01
  0. -1 0 1.4794871520996094e+02 1.9984408569335938e+02
  1.2447512626647949e+01 2.0051683044433594e+02 0. -1 0
  3.2291796875000000e+02 2.0704174804687500e+02 1.3189880371093750e+01
  1.6977317810058594e+02 0. -1 0 3.2302239990234375e+02
  2.1631632995605469e+02 1.1816072463989258e+01 1.9069711303710938e+02
  0. -1 0 2.2549801635742188e+02 2.1796141052246094e+02
  1.2882961273193359e+01 2.5517941284179688e+02 0. -1 0
  3.9094531250000000e+02 2.2326387023925781e+02 1.0543714523315430e+01
  3.4478991699218750e+02 0. -1 0 3.2159646606445312e+02
  2.2495117187500000e+02 1.1680341720581055e+01 2.1515036010742188e+02
  0. -1 0 1.6678341674804688e+02 2.2723123168945312e+02
  1.0608465194702148e+01 2.5064792633056641e+01 0. -1 0
  3.2654449462890625e+02 2.2835153198242188e+02 1.2715408325195312e+01
  2.4538787841796875e+01 0. -1 0 3.9093090820312500e+02
  2.3360728454589844e+02 1.0924630165100098e+01 8.3964214324951172e+00
  0. -1 0 2.6736767578125000e+02 2.3407101440429688e+02
  1.1360857009887695e+01 2.1281771850585938e+02 0. -1 0
  3.2354739379882812e+02 2.3632711791992188e+02 9.8965778350830078e+00
  1.7073879241943359e+01 0. -1 0 4.3455383300781250e+02
  2.3922270202636719e+02 1.1025613784790039e+01 9.7811441421508789e+00
  0. -1 0 3.8742257690429688e+02 2.4005490112304688e+02
  1.3984013557434082e+01 1.4794930458068848e+01 0. -1 0
  2.7542926025390625e+02 2.4099180603027344e+02 1.1386993408203125e+01
  5.4163608551025391e+01 0. -1 0 3.5295117187500000e+02
  2.4753788757324219e+02 1.2004291534423828e+01 1.9645080566406250e+02
  0. -1 0 2.1803233337402344e+02 2.4764790344238281e+02
  1.1391589164733887e+01 2.0059494018554688e+02 0. -1 0
  8.0900909423828125e+01 2.4893020629882812e+02 1.2523536682128906e+01
  2.4822687149047852e+01 0. -1 0 2.2364227294921875e+02
  2.5027449035644531e+02 9.8516912460327148e+00 1.4998685836791992e+01
  0. -1 0 4.1807266235351562e+02 2.5162831115722656e+02
  1.0537343978881836e+01 1.9496112060546875e+02 0. -1 0
  3.2098815917968750e+02 2.5259289550781250e+02 1.1840892791748047e+01
  1.2444753646850586e+01 0. -1 0 1.5699687194824219e+02
  2.5387493896484375e+02 1.2127484321594238e+01 2.4372917175292969e+01
  0. -1 0 6.5479812622070312e+01 2.5647814941406250e+02
  1.0884695053100586e+01 2.0157821655273438e+02 0. -1 0
  3.5214578247070312e+02 2.5885171508789062e+02 1.2191982269287109e+01
  1.9463685607910156e+02 0. -1 0 3.1310635375976562e+02
  2.5976470947265625e+02 1.0687472343444824e+01 1.9489440917968750e+02
  0. -1 0 2.5307157897949219e+02 2.6303955078125000e+02
  1.0451631546020508e+01 1.9083776855468750e+02 0. -1 0
  7.3654167175292969e+01 2.6637335205078125e+02 1.0015875816345215e+01
  2.1789321899414062e+01 0. -1 0 1.8573750305175781e+02
  2.7136038208007812e+02 1.4026792526245117e+01 8.9935676574707031e+01
  0. -1 0 4.0950604248046875e+02 2.7389630126953125e+02
  1.1068713188171387e+01 2.0715956115722656e+02 0. -1 0
  2.1096437072753906e+02 2.7554629516601562e+02 1.3347784996032715e+01
  1.3317033386230469e+02 0. -1 0 1.4599450683593750e+02
  2.7845074462890625e+02 1.2330854415893555e+01 1.4944400787353516e+01
  0. -1 0 5.7117004394531250e+01 2.8088632202148438e+02
  1.1594430923461914e+01 1.9473992919921875e+02 0. -1 0
  1.4599906921386719e+02 2.8690740966796875e+02 1.1703731536865234e+01
  1.2064977645874023e+01 0. -1 0 1.3786528015136719e+02
  2.8850692749023438e+02 1.1685411453247070e+01 1.9964721679687500e+02
  0. -1 0 2.2607656860351562e+02 2.8993444824218750e+02
  1.2089879989624023e+01 3.3841543579101562e+02 0. -1 0
  6.5957244873046875e+01 2.9050860595703125e+02 1.1923316001892090e+01
  1.2773960113525391e+01 0. -1 0 2.9601492309570312e+02
  2.9206280517578125e+02 1.1465877532958984e+01 2.2015724182128906e+02
  0. -1 0 5.4644874572753906e+01 2.9653833007812500e+02
  1.2186873435974121e+01 1.8078866577148438e+02 0. -1 0
  2.0752143859863281e+02 3.0012655639648438e+02 1.2315900802612305e+01
  2.2491981506347656e+02 0. -1 0 3.0652822875976562e+02
  3.0101309204101562e+02 1.1714908599853516e+01 4.1014854431152344e+01
  0. -1 0 3.8595333862304688e+02 3.0303442382812500e+02
  1.1063554763793945e+01 2.3507606506347656e+02 0. -1 0
  3.8858038330078125e+02 3.0401336669921875e+02 1.2810027122497559e+01
  2.3472901916503906e+02 0. -1 0 2.3708041381835938e+02
  3.0458679199218750e+02 1.1063441276550293e+01 3.0499746704101562e+02
  0. -1 0 5.6517536163330078e+01 3.0701980590820312e+02
  1.2026393890380859e+01 1.5893626403808594e+02 0. -1 0
  5.8110382080078125e+01 3.1064514160156250e+02 1.2921701431274414e+01
  1.5106755065917969e+02 0. -1 0 1.0806440734863281e+02
  3.1148361206054688e+02 1.2623764038085938e+01 2.5527110290527344e+02
  0. -1 0 1.2175367736816406e+02 3.1854595947265625e+02
  1.0284740447998047e+01 6.7779853820800781e+01 0. -1 0
  8.0650077819824219e+01 3.2438598632812500e+02 1.2155082702636719e+01
  9.9383026123046875e+01 0. -1 0 9.9009941101074219e+01
  3.2455352783203125e+02 1.1488101959228516e+01 8.1159362792968750e+01
  0. -1 0 4.3904412841796875e+02 1.7311134338378906e+02
  1.5362318038940430e+01 1.8220285034179688e+02 0. -1 0
  4.4235354614257812e+02 1.7602937316894531e+02 1.5481828689575195e+01
  1.7839271545410156e+02 0. -1 0 4.4719943237304688e+02
